Converted from Trefethen_20.mtx
Converted Matrix System
20 1
--- Matrix A ({rows}x{rows}) ---
  2.0000   1.0000   1.0000   0.0000   1.0000   0.0000   0.0000   0.0000   1.0000   0.0000   0.0000   0.0000   0.0000   0.0000   0.0000   0.0000   1.0000   0.0000   0.0000   0.0000
  1.0000   3.0000   1.0000   1.0000   0.0000   1.0000   0.0000   0.0000   0.0000   1.0000   0.0000   0.0000   0.0000   0.0000   0.0000   0.0000   0.0000   1.0000   0.0000   0.0000
  1.0000   1.0000   5.0000   1.0000   1.0000   0.0000   1.0000   0.0000   0.0000   0.0000   1.0000   0.0000   0.0000   0.0000   0.0000   0.0000   0.0000   0.0000   1.0000   0.0000
  0.0000   1.0000   1.0000   7.0000   1.0000   1.0000   0.0000   1.0000   0.0000   0.0000   0.0000   1.0000   0.0000   0.0000   0.0000   0.0000   0.0000   0.0000   0.0000   1.0000
  1.0000   0.0000   1.0000   1.0000  11.0000   1.0000   1.0000   0.0000   1.0000   0.0000   0.0000   0.0000   1.0000   0.0000   0.0000   0.0000   0.0000   0.0000   0.0000   0.0000
  0.0000   1.0000   0.0000   1.0000   1.0000  13.0000   1.0000   1.0000   0.0000   1.0000   0.0000   0.0000   0.0000   1.0000   0.0000   0.0000   0.0000   0.0000   0.0000   0.0000
  0.0000   0.0000   1.0000   0.0000   1.0000   1.0000  17.0000   1.0000   1.0000   0.0000   1.0000   0.0000   0.0000   0.0000   1.0000   0.0000   0.0000   0.0000   0.0000   0.0000
  0.0000   0.0000   0.0000   1.0000   0.0000   1.0000   1.0000  19.0000   1.0000   1.0000   0.0000   1.0000   0.0000   0.0000   0.0000   1.0000   0.0000   0.0000   0.0000   0.0000
  1.0000   0.0000   0.0000   0.0000   1.0000   0.0000   1.0000   1.0000  23.0000   1.0000   1.0000   0.0000   1.0000   0.0000   0.0000   0.0000   1.0000   0.0000   0.0000   0.0000
  0.0000   1.0000   0.0000   0.0000   0.0000   1.0000   0.0000   1.0000   1.0000  29.0000   1.0000   1.0000   0.0000   1.0000   0.0000   0.0000   0.0000   1.0000   0.0000   0.0000
  0.0000   0.0000   1.0000   0.0000   0.0000   0.0000   1.0000   0.0000   1.0000   1.0000  31.0000   1.0000   1.0000   0.0000   1.0000   0.0000   0.0000   0.0000   1.0000   0.0000
  0.0000   0.0000   0.0000   1.0000   0.0000   0.0000   0.0000   1.0000   0.0000   1.0000   1.0000  37.0000   1.0000   1.0000   0.0000   1.0000   0.0000   0.0000   0.0000   1.0000
  0.0000   0.0000   0.0000   0.0000   1.0000   0.0000   0.0000   0.0000   1.0000   0.0000   1.0000   1.0000  41.0000   1.0000   1.0000   0.0000   1.0000   0.0000   0.0000   0.0000
  0.0000   0.0000   0.0000   0.0000   0.0000   1.0000   0.0000   0.0000   0.0000   1.0000   0.0000   1.0000   1.0000  43.0000   1.0000   1.0000   0.0000   1.0000   0.0000   0.0000
  0.0000   0.0000   0.0000   0.0000   0.0000   0.0000   1.0000   0.0000   0.0000   0.0000   1.0000   0.0000   1.0000   1.0000  47.0000   1.0000   1.0000   0.0000   1.0000   0.0000
  0.0000   0.0000   0.0000   0.0000   0.0000   0.0000   0.0000   1.0000   0.0000   0.0000   0.0000   1.0000   0.0000   1.0000   1.0000  53.0000   1.0000   1.0000   0.0000   1.0000
  1.0000   0.0000   0.0000   0.0000   0.0000   0.0000   0.0000   0.0000   1.0000   0.0000   0.0000   0.0000   1.0000   0.0000   1.0000   1.0000  59.0000   1.0000   1.0000   0.0000
  0.0000   1.0000   0.0000   0.0000   0.0000   0.0000   0.0000   0.0000   0.0000   1.0000   0.0000   0.0000   0.0000   1.0000   0.0000   1.0000   1.0000  61.0000   1.0000   1.0000
  0.0000   0.0000   1.0000   0.0000   0.0000   0.0000   0.0000   0.0000   0.0000   0.0000   1.0000   0.0000   0.0000   0.0000   1.0000   0.0000   1.0000   1.0000  67.0000   1.0000
  0.0000   0.0000   0.0000   1.0000   0.0000   0.0000   0.0000   0.0000   0.0000   0.0000   0.0000   1.0000   0.0000   0.0000   0.0000   1.0000   0.0000   1.0000   1.0000  71.0000
--- Vector b ({rows}x1) ---
  1.0000
  1.0000
  1.0000
  1.0000
  1.0000
  1.0000
  1.0000
  1.0000
  1.0000
  1.0000
  1.0000
  1.0000
  1.0000
  1.0000
  1.0000
  1.0000
  1.0000
  1.0000
  1.0000
  1.0000